  File: /data/mephi-web
  Size: 4096      	Blocks: 8          IO Block: 4096   directory
Device: 8,17	Inode: 2           Links: 3
Access: (2775/drwxrwsr-x)  Uid: ( 1000/mephi-admin)   Gid: ( 1000/mephi-devs)
Context: system_u:object_r:httpd_sys_content_t:s0
Access: 2026-03-31 23:40:58.039909403 +0300
Modify: 2026-04-01 05:03:40.019335615 +0300
Change: 2026-04-01 05:03:40.019335615 +0300
 Birth: 2026-03-31 21:09:07.000000000 +0300
